

% Histogram for REM bouts durations in time for all sessions for each mouse

% REM durations for Mo 313 6 sessions

remdur313= [31	24	37.5000000000000	36.5000000000000	26	39	96	72.5000000000000	29	53.5000000000000	35.5000000000000	70	113.500000000000	65	224.500000000000	21	93	63	148	64	32.5000000000000	187	32	27.5000000000000	191	33	181.500000000000	30	108.500000000000	84	60	135.500000000000	35.5000000000000	59	15	127.500000000000	33	30.5000000000000	244	81.5000000000000	32.5000000000000	135	44	48	134.500000000000	44	76	26.5000000000000	144.500000000000	158	102	77	65	14	30	26	44.5000000000000	100	154	25.5000000000000	136	135.500000000000	17.5000000000000	96	70	45	32	200	65	30.5000000000000	82	71	117.500000000000	105	18	117.500000000000	22	84	29	93.5000000000000	71	56	148	37.5000000000000	52	19	79	41.5000000000000	27	27	62.5000000000000	57.5000000000000	74	32.5000000000000	43.5000000000000	21.5000000000000	115.500000000000	73	43	88	124	55	118	97	40	111	180	47	59	101.500000000000	155	54	35.5000000000000	107	30	200	129.500000000000	159	16.5000000000000	70.5000000000000	135	170.500000000000	57	70.5000000000000	99	115	49	48	173	137.500000000000	74	130	57	30	112.500000000000	43	207	63	98	49	185	37	29.5000000000000	115	105	49.5000000000000	64	173.500000000000	51.5000000000000	46.5000000000000	101	91	30	87	63.5000000000000	106	79.5000000000000	75	30	16.5000000000000	36	60	30.5000000000000	28	137.500000000000	42	35.5000000000000	24.5000000000000	73.5000000000000	44	101.500000000000	100	99.5000000000000	110.500000000000	51.5000000000000	28.5000000000000	12.5000000000000	156	230	154	32	42.5000000000000	12	9	35	138.500000000000	46.5000000000000	93.5000000000000	29.5000000000000	11.5000000000000	78	35	11.5000000000000	12.5000000000000	225.500000000000	71	28.5000000000000	98.5000000000000	64	62.5000000000000	58	204.500000000000	23.5000000000000	19.5000000000000	32	71	71	35.5000000000000	218.500000000000	21.5000000000000	24.5000000000000	181.500000000000	43.5000000000000	36.5000000000000	68	41.5000000000000	28	41.5000000000000	26	159	20	52.5000000000000	71.5000000000000	178.500000000000	26.5000000000000	17.5000000000000	32.5000000000000	30.5000000000000	101	14	40	81	16.5000000000000	43	71.5000000000000	123.500000000000	32.5000000000000	21	60	219	18	35.5000000000000	20.5000000000000	150	24	36.5000000000000	190	36.5000000000000	20.5000000000000	20	99.5000000000000	50	96.5000000000000	44.5000000000000	190.500000000000	14.5000000000000	32.5000000000000	20.5000000000000	96.5000000000000	29.5000000000000	69	26	49	45	29	12.5000000000000	8.50000000000000	17.5000000000000	12	29.5000000000000	192	35	63	117.500000000000	29.5000000000000	40.5000000000000	91.5000000000000	78	12	24.5000000000000	39	10	81.5000000000000	25.5000000000000	74.5000000000000	53.5000000000000	29	23.5000000000000	154.500000000000	27	74.5000000000000	72.5000000000000	23.5000000000000	30.5000000000000	88	61	139.500000000000	16.5000000000000	26	112	21.5000000000000	9.50000000000000	70	21.5000000000000	47.5000000000000	15	162	142.500000000000	125.500000000000	36	199	52.5000000000000	16.5000000000000	26	9.50000000000000	42	166.500000000000	47	41	84	100	23	28.5000000000000	232.500000000000	21.5000000000000	133	66.5000000000000	26.5000000000000	58	103.500000000000	35	43.5000000000000	126	12	9	37	150	29	58	23	36.5000000000000	165	22	16.5000000000000	71.5000000000000	125.500000000000	206	21	28.5000000000000	14	24	36.5000000000000	39	20	176.500000000000	116	48	19.5000000000000	14	16.5000000000000	54	71.5000000000000	43.5000000000000	53	67.5000000000000	21	36	140.500000000000	37.5000000000000	25	20	123	129.500000000000	88	236	105.500000000000	149	59	101.500000000000	103	117	35	39.5000000000000	177	8.50000000000000	163	16	158.500000000000	20.5000000000000	26.5000000000000	26.5000000000000	88	84.5000000000000	35.5000000000000	196.500000000000	10	51.5000000000000	54.5000000000000	229.500000000000	71	163	18	27	120	23.5000000000000	165	102	184.500000000000	87	60.5000000000000	44	93.5000000000000	12	21	120	29.5000000000000	168.500000000000	226	37.5000000000000	52	136	14.5000000000000	180	144.500000000000	126.500000000000	24	178.500000000000	35	12	16.5000000000000	141	35.5000000000000	118.500000000000	3.50000000000000	104.500000000000	21	68.5000000000000	124.500000000000	102	115	78.5000000000000	105.500000000000	69	66	17.5000000000000	94.5000000000000	15.5000000000000	50	144.500000000000	80.5000000000000	57.5000000000000	33	99	108.500000000000	26.5000000000000	83	47	39.5000000000000	144	29	30.5000000000000	188.500000000000	30	54.5000000000000	72	164.500000000000	51	84	87	102	24	85.5000000000000	29.5000000000000	27.5000000000000	22	175.500000000000	14	28	159.500000000000	20	21.5000000000000	152.500000000000	39.5000000000000	28	31	68	50.5000000000000	102.500000000000	53	161.500000000000	19.5000000000000	16	69	24	70.5000000000000	31.5000000000000	79.5000000000000	137.500000000000	13	82.5000000000000	179	42.5000000000000	18	55	62	136	79.5000000000000	174.500000000000	37.5000000000000	46.5000000000000	35.5000000000000	54.5000000000000	52.5000000000000	41	199.500000000000	23	14.5000000000000	72	125.500000000000	18	23	15	116.500000000000	15	14	29.5000000000000	101	34.5000000000000	54	44	127.500000000000	30	44	144	38.5000000000000	26	68.5000000000000	2	62];

% REM durations for Mo 413,12 sessions

